Loss: 1.5541456937789917
Accuracy: 0.4456000030040741
